6.896659731864929199e-02,1.293102186173200607e-02,-4.615459591150283813e-02,1.273724883794784546e-01,1.500190645456314087e-01,-4.369857907295227051e-02,-2.836139798164367676e-01,-4.625291749835014343e-02,-2.227903753519058228e-01,1.269363462924957275e-01,-4.656471312046051025e-02,-4.608173966407775879e-01
-3.582419455051422119e-01,4.674813747406005859e-01,-3.329213857650756836e-01,8.188477158546447754e-02,2.976785898208618164e-01,-5.637612938880920410e-01,-1.239627450704574585e-01,4.613510519266128540e-02,4.142908006906509399e-02,-1.604888439178466797e-01,9.237687289714813232e-02,-8.985854387283325195e-01
-3.744432628154754639e-01,-5.108550190925598145e-02,1.178471744060516357e-01,-6.577454805374145508e-01,-1.132577285170555115e-01,-2.183724381029605865e-02,1.871392577886581421e-01,-4.295635223388671875e-02,3.295521140098571777e-01,4.657081961631774902e-01,6.084397435188293457e-03,4.697385728359222412e-01
1.948636770248413086e-01,1.186915114521980286e-01,9.416537731885910034e-02,1.317227482795715332e-01,-3.209431096911430359e-02,5.183116197586059570e-01,-1.022670269012451172e-01,2.525955066084861755e-02,2.108850926160812378e-01,-1.904398798942565918e-01,-6.608702987432479858e-02,1.073139980435371399e-01
1.129602789878845215e-01,1.225015074014663696e-01,5.598901212215423584e-02,-5.069438815116882324e-01,1.110376194119453430e-01,-1.628294587135314941e-01,-1.101727876812219620e-02,-8.386382460594177246e-02,1.502138972282409668e-01,-2.576226592063903809e-01,-1.224330738186836243e-01,3.033732064068317413e-02
2.295228093862533569e-02,-4.367285594344139099e-02,2.074780873954296112e-02,2.329432964324951172e-02,-7.247862964868545532e-02,4.973639249801635742e-01,-1.519065499305725098e-01,-5.396299064159393311e-02,-1.354633569717407227e-01,2.241957485675811768e-01,4.683588817715644836e-02,1.401915699243545532e-01
9.569113142788410187e-03,3.148467838764190674e-02,1.535854637622833252e-01,-1.669260263442993164e-01,1.745202578604221344e-02,-5.790367349982261658e-02,-4.103053826838731766e-03,5.733952671289443970e-02,-1.989986002445220947e-02,-6.779935956001281738e-01,-3.844318538904190063e-02,7.426786422729492188e-02
1.213120341300964355e+00,-2.422506362199783325e-02,-7.505781203508377075e-02,3.531561493873596191e-01,8.094279468059539795e-02,1.187495216727256775e-01,3.767851293087005615e-01,-4.166873916983604431e-02,1.894385963678359985e-01,-1.879225224256515503e-01,1.272755861282348633e-01,-2.952313981950283051e-02
-1.084588319063186646e-01,-2.526792325079441071e-02,8.430793881416320801e-02,3.043750226497650146e-01,-3.171325474977493286e-02,1.988349296152591705e-02,4.011150822043418884e-02,-1.475096773356199265e-02,1.047292277216911316e-01,2.662260457873344421e-02,-1.666016131639480591e-01,8.492093533277511597e-02
6.328934431076049805e-01,8.180761337280273438e-02,2.561051547527313232e-01,-5.755795240402221680e-01,-3.407333791255950928e-02,2.814866304397583008e-01,4.804620146751403809e-01,9.677229821681976318e-02,5.918504204601049423e-03,-5.031272172927856445e-01,1.467847079038619995e-01,-6.694675236940383911e-02
2.945414781570434570e-01,1.898018084466457367e-02,-1.557636857032775879e-01,-1.289520878344774246e-02,5.092221125960350037e-02,-1.280704587697982788e-01,5.055190324783325195e-01,7.657749950885772705e-02,1.679065078496932983e-01,-3.885062783956527710e-02,8.634814992547035217e-03,7.993839979171752930e-01
-5.341543555259704590e-01,-2.499155849218368530e-01,9.796503931283950806e-02,-4.123543202877044678e-01,-2.139369025826454163e-04,-7.496642321348190308e-02,1.315233707427978516e-01,1.329597681760787964e-01,2.028596960008144379e-02,4.258411824703216553e-01,1.865742057561874390e-01,1.293888092041015625e-01
4.550152719020843506e-01,-2.102187722921371460e-01,-1.506121456623077393e-01,2.966847121715545654e-01,2.930810675024986267e-02,1.157550513744354248e-01,1.732750087976455688e-01,1.178124845027923584e-01,1.615252494812011719e-01,-1.645211726427078247e-01,-2.192928194999694824e-01,1.131408140063285828e-01
-3.356701508164405823e-02,3.430417478084564209e-01,-8.394052088260650635e-02,9.979293681681156158e-03,1.259321451187133789e+00,-4.534404277801513672e-01,-1.985222846269607544e-02,4.617283493280410767e-02,-4.337295889854431152e-02,3.116708062589168549e-02,1.045206189155578613e-02,5.983482114970684052e-04
-6.468567252159118652e-01,-3.260202705860137939e-02,-2.975245416164398193e-01,-3.178554475307464600e-01,-6.599524617195129395e-02,-1.357854157686233521e-01,-2.687786221504211426e-01,1.570979803800582886e-01,3.797551989555358887e-01,-4.990168381482362747e-03,1.839730888605117798e-01,-1.897308379411697388e-01
-2.687970399856567383e-01,-1.277199387550354004e-01,4.474193602800369263e-02,-1.988219171762466431e-01,4.135579764842987061e-01,-8.691122382879257202e-02,-1.048190146684646606e-01,-2.695091255009174347e-02,1.034330427646636963e-01,9.046006947755813599e-02,1.351703256368637085e-01,-8.278451859951019287e-02
-1.076515540480613708e-01,3.017669916152954102e-02,6.571544706821441650e-02,-2.451278269290924072e-02,-6.030710041522979736e-02,4.334289114922285080e-03,7.221562266349792480e-01,-5.847698077559471130e-02,1.018436998128890991e-01,2.792343199253082275e-01,-1.964176818728446960e-02,2.093679010868072510e-01
5.079275462776422501e-03,1.025021225214004517e-01,-1.969307474792003632e-02,1.074060574173927307e-01,2.336983382701873779e-01,-1.024956069886684418e-02,-5.377849563956260681e-02,2.066432833671569824e-01,-2.368144541978836060e-01,3.309757634997367859e-02,1.089948266744613647e-01,2.498871982097625732e-01
-2.452827841043472290e-01,-2.613273859024047852e-01,-2.163908183574676514e-01,-2.205452173948287964e-01,-5.308609828352928162e-02,-3.205296099185943604e-01,6.792990863323211670e-02,-1.027506664395332336e-01,1.247304007411003113e-01,-3.184730112552642822e-01,-2.071230299770832062e-02,-6.769563257694244385e-02
-2.808126211166381836e-01,-1.695248186588287354e-01,3.603331372141838074e-02,-6.704514026641845703e-01,-4.946771636605262756e-02,-1.071020588278770447e-02,-1.439621299505233765e-01,-1.437123715877532959e-01,1.863378435373306274e-01,-3.452423494309186935e-03,-2.015474140644073486e-01,-1.371506154537200928e-01
-5.095701217651367188e-01,3.877149149775505066e-02,3.147221729159355164e-02,-5.483489036560058594e-01,3.715364262461662292e-03,-5.892400816082954407e-02,-4.485730547457933426e-03,6.944494694471359253e-02,2.151082754135131836e-01,2.315221428871154785e-01,1.720460802316665649e-01,7.233732193708419800e-02
1.134500876069068909e-01,-3.344917595386505127e-01,-1.531940139830112457e-02,1.917992485687136650e-03,1.974896760657429695e-03,-4.312814176082611084e-01,-4.300128668546676636e-02,-4.744445905089378357e-02,-1.203552931547164917e-01,1.394301801919937134e-01,-1.194696724414825439e-01,2.217146307229995728e-01
-2.408507019281387329e-01,2.958283014595508575e-02,-4.996905028820037842e-01,1.080987043678760529e-03,2.939691767096519470e-02,-3.385983780026435852e-02,5.887344852089881897e-02,8.084878325462341309e-02,-1.877272725105285645e-01,4.366640001535415649e-02,5.711168795824050903e-02,-1.822037249803543091e-01
-4.614047110080718994e-01,-1.085648313164710999e-01,9.329250082373619080e-03,-5.693305134773254395e-01,3.149237111210823059e-02,8.485233783721923828e-02,-4.795052111148834229e-01,-1.604137197136878967e-02,2.970658242702484131e-01,-1.685488387010991573e-03,3.592785820364952087e-02,-2.109321802854537964e-01
-3.719239309430122375e-02,-2.915347740054130554e-02,-3.534394204616546631e-01,2.578788204118609428e-03,4.323481395840644836e-02,8.391009271144866943e-02,-1.126317083835601807e-01,1.063521727919578552e-01,7.596141844987869263e-02,-6.370484083890914917e-02,-6.670425832271575928e-02,-7.970276474952697754e-02
1.412136703729629517e-01,7.858011871576309204e-02,-1.297074705362319946e-01,1.797999143600463867e-01,1.121001243591308594e-01,3.512540161609649658e-01,-4.397312402725219727e-01,1.297413706779479980e-01,-1.275119334459304810e-01,1.563209593296051025e-01,6.389824301004409790e-02,-6.442669779062271118e-02
4.809101670980453491e-02,9.834395349025726318e-02,-2.747343778610229492e-01,3.141305744647979736e-01,6.738421320915222168e-02,2.272026389837265015e-01,-1.231413856148719788e-01,-8.750898391008377075e-02,1.154533252120018005e-01,6.286870241165161133e-01,-1.247076988220214844e-01,1.277479380369186401e-01
-3.105048835277557373e-01,4.674058780074119568e-02,-2.582046389579772949e-01,-5.644752383232116699e-01,-1.044169068336486816e-01,-9.491094201803207397e-02,5.989121198654174805e-01,-1.071858778595924377e-01,2.789809703826904297e-01,-5.872117877006530762e-01,-1.406608372926712036e-01,-5.314052477478981018e-02
-3.887278959155082703e-02,-1.728922277688980103e-01,-1.656553447246551514e-01,1.281323730945587158e-01,1.854930445551872253e-02,2.431781440973281860e-01,1.996043510735034943e-02,-3.064891323447227478e-02,-8.294147253036499023e-01,1.949924975633621216e-01,1.076360121369361877e-01,-5.238860845565795898e-01
2.724125087261199951e-01,-1.288014799356460571e-01,1.906550079584121704e-01,8.360902220010757446e-02,4.104243591427803040e-03,1.360968053340911865e-01,8.009305596351623535e-02,1.310907956212759018e-02,-5.703577399253845215e-02,-1.882939934730529785e-01,2.434101849794387817e-01,-4.164647683501243591e-02
-6.588655710220336914e-01,-5.111476778984069824e-02,2.125434391200542450e-02,4.258429631590843201e-02,-4.281634464859962463e-02,2.156974673271179199e-01,-3.764026165008544922e-01,-5.036583915352821350e-02,-7.101020216941833496e-02,-2.372269928455352783e-01,-1.191685721278190613e-01,-2.525574713945388794e-02
-5.651512369513511658e-02,4.318553023040294647e-03,6.386426091194152832e-01,-1.125787477940320969e-02,1.916267164051532745e-02,1.620947034098207951e-03,-6.686127185821533203e-02,-5.003163591027259827e-02,3.132228180766105652e-02,3.675461187958717346e-02,2.076136134564876556e-02,9.049030393362045288e-02
-3.904338479042053223e-01,-2.970553934574127197e-02,3.932931576855480671e-05,-3.889238461852073669e-02,-1.685322523117065430e-01,-1.221651434898376465e-01,-2.626852989196777344e-01,-1.483500003814697266e-02,9.599532186985015869e-02,-1.498480588197708130e-01,9.005869179964065552e-02,5.961257219314575195e-01
-3.102889060974121094e-01,4.511351138353347778e-02,1.618109345436096191e-01,-5.246698856353759766e-01,2.220764942467212677e-02,1.226138100028038025e-01,-2.060776948928833008e-01,-1.426902320235967636e-02,-1.920170933008193970e-01,1.162502989172935486e-01,8.231338113546371460e-02,1.501256376504898071e-01
-4.099205732345581055e-01,5.738163739442825317e-02,-5.738980770111083984e-01,1.926443576812744141e-01,-1.122285202145576477e-01,6.305628269910812378e-02,3.353751003742218018e-01,-7.716786116361618042e-02,-1.742172986268997192e-01,5.708560943603515625e-01,4.292721301317214966e-02,5.447760224342346191e-02
8.116938471794128418e-01,-8.356877416372299194e-02,-2.080006897449493408e-01,-1.387943029403686523e-01,8.509653061628341675e-02,1.583331376314163208e-01,3.269151449203491211e-01,-5.231801047921180725e-02,1.419578194618225098e-01,-5.518813803791999817e-02,-9.196648001670837402e-02,2.464346401393413544e-02
1.582986302673816681e-02,-1.373499166220426559e-02,5.243537425994873047e-01,-1.360003650188446045e-01,6.010418757796287537e-02,-3.333346545696258545e-02,3.854746520519256592e-01,-4.770579189062118530e-02,6.375145912170410156e-01,-8.161246031522750854e-02,1.381413824856281281e-02,1.694885045289993286e-01
-3.421034216880798340e-01,2.230333983898162842e-01,3.114826977252960205e-01,-9.814969450235366821e-02,3.948572650551795959e-02,-8.291727304458618164e-01,-4.885666668415069580e-01,8.831199258565902710e-02,3.214639723300933838e-01,-1.239027008414268494e-01,-2.239606976509094238e-01,2.804702520370483398e-01
-4.966946244239807129e-01,-3.096064031124114990e-01,3.726282715797424316e-01,2.829648852348327637e-01,-1.746216118335723877e-01,-1.691515445709228516e-01,-1.185153797268867493e-01,1.333216875791549683e-01,-3.232186287641525269e-02,4.682502150535583496e-01,1.586767882108688354e-01,1.197471320629119873e-01
4.471777081489562988e-01,-6.335512548685073853e-02,-2.969771064817905426e-02,4.408608078956604004e-01,7.859395816922187805e-03,2.532705292105674744e-02,5.452984571456909180e-01,8.914045989513397217e-02,-3.584229201078414917e-02,1.593866199254989624e-01,5.430181697010993958e-02,-2.288576401770114899e-02
4.542175829410552979e-01,-5.648742616176605225e-02,4.517269879579544067e-02,-2.334874821826815605e-03,-1.070605888962745667e-01,1.993800103664398193e-01,2.379955500364303589e-01,5.472686141729354858e-02,-4.132097363471984863e-01,-3.776614367961883545e-01,2.284869998693466187e-01,-1.742305308580398560e-01
1.632415056228637695e-01,-6.713727712631225586e-01,2.183678001165390015e-02,-7.434871792793273926e-02,-2.948715686798095703e-01,1.648484110832214355e+00,-6.714462637901306152e-01,2.737300992012023926e-01,5.574260950088500977e-01,-3.814372122287750244e-01,-9.448283165693283081e-02,-1.337785124778747559e-01
-5.875940918922424316e-01,-9.470438957214355469e-02,6.662505120038986206e-02,9.996198415756225586e-01,9.063631296157836914e-03,3.331664577126502991e-02,-2.938269972801208496e-01,-9.568705409765243530e-02,-9.643638879060745239e-02,-4.378671646118164062e-01,1.275831013917922974e-01,5.999142676591873169e-02
-1.999773271381855011e-02,3.283702731132507324e-01,3.297007083892822266e-02,1.463370211422443390e-02,1.267979154363274574e-03,1.471981499344110489e-02,1.958281919360160828e-02,-3.898005932569503784e-03,-8.441790938377380371e-03,1.142474040389060974e-01,-2.118340134620666504e-02,-4.963482730090618134e-03
-2.660676538944244385e-01,-1.678646951913833618e-01,2.842333614826202393e-01,2.279908768832683563e-02,1.642122566699981689e-01,-8.769831806421279907e-02,-6.124000251293182373e-02,7.294352352619171143e-02,-5.705422163009643555e-01,-7.797614485025405884e-02,1.093596965074539185e-02,3.378376364707946777e-02
1.043081283569335938e-02,2.153177559375762939e-02,1.650783270597457886e-01,-1.730278730392456055e-01,-2.265734039247035980e-02,-8.417423814535140991e-03,1.015553846955299377e-01,2.034984976053237915e-01,4.144797027111053467e-01,1.668794453144073486e-01,1.366851385682821274e-02,-2.633507549762725830e-02
-1.558678895235061646e-01,3.919515386223793030e-02,1.489320490509271622e-02,4.423864185810089111e-02,-3.070509247481822968e-02,7.828424125909805298e-02,-2.664592266082763672e-01,-5.946463719010353088e-02,2.098875492811203003e-01,4.205822944641113281e-01,6.784487515687942505e-02,7.042903453111648560e-02
3.718771934509277344e-01,-1.990488022565841675e-01,1.868101209402084351e-01,1.771735101938247681e-01,-1.937494985759258270e-02,-2.409056574106216431e-01,-2.508330047130584717e-01,-1.506040841341018677e-01,1.320938169956207275e-01,6.152670383453369141e-01,-1.066062822937965393e-01,4.686893522739410400e-02
-2.879048287868499756e-01,3.035535663366317749e-02,1.315554976463317871e-02,-3.641819357872009277e-01,2.946735173463821411e-02,-1.224266886711120605e-01,-2.313458770513534546e-01,5.830962210893630981e-02,-3.607508167624473572e-02,-4.397224783897399902e-01,3.173873201012611389e-02,-2.127386443316936493e-02
-4.216146469116210938e-01,-1.193223223090171814e-01,-2.728174999356269836e-02,9.489949047565460205e-02,2.485011219978332520e-01,1.358354836702346802e-01,1.196413785219192505e-01,-3.060303628444671631e-02,2.807385623455047607e-01,4.892812967300415039e-01,-1.208229735493659973e-01,-3.222422003746032715e-01
5.330422520637512207e-01,-6.286803167313337326e-03,1.527218818664550781e-01,-1.983619779348373413e-01,-1.103299582609906793e-04,1.380454450845718384e-01,-2.007925063371658325e-01,5.925647169351577759e-02,-2.158782929182052612e-01,-4.918631017208099365e-01,-1.202766522765159607e-01,-3.037552833557128906e-01
-2.980969250202178955e-01,8.467035740613937378e-02,6.273011863231658936e-02,4.848470538854598999e-02,-4.870835691690444946e-02,1.993007659912109375e-01,3.930432796478271484e-01,-9.387290477752685547e-02,6.969502568244934082e-02,-3.603327572345733643e-01,1.298547070473432541e-02,3.360222280025482178e-01
-7.234428822994232178e-02,2.000356465578079224e-02,2.186674624681472778e-01,-1.769274771213531494e-01,-3.143862783908843994e-01,-1.343310717493295670e-02,-3.025341331958770752e-01,1.457469165325164795e-02,4.182462394237518311e-02,-1.596391201019287109e-01,-1.570997945964336395e-02,1.307420581579208374e-01
2.618871331214904785e-01,4.147196561098098755e-02,1.045795902609825134e-01,-2.198419421911239624e-01,-7.435215171426534653e-03,1.100237146019935608e-01,1.554306000471115112e-01,-2.557477653026580811e-01,-7.671397924423217773e-02,2.980573475360870361e-01,1.779915019869804382e-02,2.196713387966156006e-01
3.146245330572128296e-02,5.905991201871074736e-05,-1.223114598542451859e-02,-1.106637343764305115e-01,4.234733581542968750e-01,-2.031368613243103027e-01,-2.964766323566436768e-02,1.279417425394058228e-01,-2.988656759262084961e-01,7.569582760334014893e-02,-2.875969186425209045e-02,-9.122102707624435425e-02
-2.613199055194854736e-01,1.894300580024719238e-01,-1.139668673276901245e-01,7.898270338773727417e-02,2.254416421055793762e-02,-9.763125330209732056e-02,-3.757968172430992126e-02,-1.067142561078071594e-02,1.733088940382003784e-01,2.205492705106735229e-01,3.220181465148925781e-01,-2.137735486030578613e-02
-2.014623731374740601e-01,4.835959970951080322e-01,-2.973576784133911133e-01,-1.791616231203079224e-01,2.076096534729003906e-01,9.161201864480972290e-02,7.828241586685180664e-02,4.530157744884490967e-01,-9.656949341297149658e-02,-1.822015941143035889e-01,-2.106315195560455322e-01,1.896082162857055664e-01
-3.310676217079162598e-01,1.736561506986618042e-01,-1.935805231332778931e-01,2.526345849037170410e-01,-2.321117520332336426e-01,9.959040209650993347e-03,-1.727648526430130005e-01,-1.159354299306869507e-02,1.673015356063842773e-01,-1.883600354194641113e-01,-9.370805323123931885e-02,-6.894647330045700073e-02
3.153435140848159790e-02,3.605871275067329407e-02,1.030125170946121216e-01,3.797187237069010735e-03,-1.432376727461814880e-02,-2.170890755951404572e-02,-2.291544377803802490e-01,3.655798034742474556e-03,1.519258171319961548e-01,2.727409601211547852e-01,8.928953856229782104e-02,-6.004232168197631836e-02
-5.786361917853355408e-02,-1.098903566598892212e-01,-6.369163393974304199e-01,-4.001783579587936401e-02,8.404318988323211670e-02,-1.668367236852645874e-01,-4.294801130890846252e-02,2.684978842735290527e-01,-3.660873770713806152e-01,7.551310118287801743e-03,-3.138805925846099854e-02,1.472335457801818848e-01
-2.790889143943786621e-01,-8.183369413018226624e-03,1.088457852602005005e-01,-6.575239896774291992e-01,-6.816506385803222656e-02,-1.363488882780075073e-01,5.051680803298950195e-01,1.273796558380126953e-01,1.714027076959609985e-01,-7.802103161811828613e-01,1.529833078384399414e-01,-2.679817378520965576e-01
3.354477882385253906e-01,2.955378033220767975e-02,8.650031872093677521e-03,1.026596665382385254e+00,-2.580726519227027893e-02,5.310821160674095154e-02,1.041543036699295044e-01,1.078000143170356750e-01,1.153772249817848206e-01,-1.033924072980880737e-01,7.977571338415145874e-02,-7.869235239923000336e-03
2.854378893971443176e-02,-5.313541740179061890e-02,9.249309450387954712e-02,5.078581720590591431e-02,-1.026639714837074280e-02,1.705093868076801300e-02,2.903366982936859131e-01,-1.685961633920669556e-01,1.149988472461700439e-01,1.512406766414642334e-01,-9.348554164171218872e-02,2.609989792108535767e-02
-3.057872354984283447e-01,5.971444025635719299e-02,9.359139204025268555e-02,6.546481251716613770e-01,-5.230898782610893250e-02,-4.791330173611640930e-02,1.240304559469223022e-01,-1.151640266180038452e-01,1.854091137647628784e-01,-1.185436770319938660e-01,8.835842460393905640e-02,2.000357024371623993e-02
-2.984202802181243896e-01,-4.561660811305046082e-02,1.392235904932022095e-01,1.082057118415832520e+00,-3.422429859638214111e-01,1.167137697339057922e-01,9.272563457489013672e-01,1.664571613073348999e-01,3.761761188507080078e-01,-5.175512433052062988e-01,2.314373105764389038e-01,2.986921370029449463e-01
-1.140349060297012329e-01,5.625620111823081970e-02,-1.464800834655761719e-01,4.258221760392189026e-02,1.016820892691612244e-01,-5.031032860279083252e-02,2.165157943964004517e-01,-2.902525290846824646e-02,-3.765889704227447510e-01,-2.611194849014282227e-01,5.977052450180053711e-02,-1.291641443967819214e-01
-1.609927296638488770e+00,-3.004803657531738281e-01,-2.111791819334030151e-02,-8.675813674926757812e-01,3.508589789271354675e-02,1.009740456938743591e-01,-7.281280755996704102e-01,-1.381943672895431519e-01,-2.362806200981140137e-01,-2.487082630395889282e-01,2.502485811710357666e-01,1.449929666705429554e-03
5.236827731132507324e-01,9.915254265069961548e-02,-3.909059464931488037e-01,-4.643172323703765869e-01,-9.485925734043121338e-02,7.406962662935256958e-02,2.174510359764099121e-01,5.567909777164459229e-02,-3.623207658529281616e-02,-6.780637055635452271e-02,3.264760598540306091e-02,1.500059217214584351e-01
7.164062857627868652e-01,-3.312669694423675537e-02,-2.796986401081085205e-01,-9.190028905868530273e-02,-3.198540303856134415e-03,-4.286869466304779053e-01,-2.810356914997100830e-01,-4.629607871174812317e-02,4.252592623233795166e-01,3.183192610740661621e-01,-9.255621582269668579e-02,2.042366415262222290e-01
-3.546774983406066895e-01,4.186527431011199951e-02,-4.481375217437744141e-01,-2.614145278930664062e-01,-7.663354277610778809e-02,-2.248124182224273682e-01,-1.190252006053924561e-01,3.532980754971504211e-02,-5.560247898101806641e-01,2.115053385496139526e-01,-4.415874928236007690e-02,-4.910457134246826172e-02
7.194111347198486328e-01,2.445111572742462158e-01,-9.831299632787704468e-02,4.674759805202484131e-01,8.069693297147750854e-02,-2.550003230571746826e-01,-2.304013520479202271e-01,-8.526321500539779663e-02,3.652050793170928955e-01,-1.411456763744354248e-01,-3.958711400628089905e-02,6.156690046191215515e-02
2.177722007036209106e-01,5.948587507009506226e-02,9.774320572614669800e-02,-1.632870584726333618e-01,2.125803977251052856e-01,-1.424213405698537827e-02,-1.327580809593200684e-01,6.037292480468750000e-01,-4.648263379931449890e-02,8.588097989559173584e-02,1.819335669279098511e-02,-6.366201639175415039e-01
-4.675149321556091309e-01,2.568092942237854004e-02,1.391521468758583069e-02,-3.660410046577453613e-01,-4.826733171939849854e-01,-7.080503273755311966e-03,3.085722401738166809e-02,-6.975542008876800537e-02,2.087046951055526733e-01,6.334549784660339355e-01,-2.669131010770797729e-02,-2.194988578557968140e-01
-3.685175180435180664e-01,-1.209323201328516006e-02,-9.910087287425994873e-02,-1.496621519327163696e-01,-2.593324985355138779e-03,2.740747034549713135e-01,-4.098278582096099854e-01,9.784738719463348389e-02,-3.596657142043113708e-02,-7.402983903884887695e-01,-5.096183717250823975e-02,-9.079205244779586792e-02
2.829816341400146484e-01,5.837400909513235092e-03,-1.115749999880790710e-01,-1.447146572172641754e-02,-1.266769226640462875e-02,-9.762511402368545532e-02,4.438799023628234863e-01,-1.390635371208190918e-01,1.186564564704895020e-01,-2.473641932010650635e-01,-2.157980501651763916e-01,-1.029505580663681030e-01
7.470191121101379395e-01,2.022811323404312134e-01,-3.233475983142852783e-01,-6.105882525444030762e-01,1.525072455406188965e-01,-1.997566521167755127e-01,-1.666653007268905640e-01,4.309881478548049927e-02,2.428020350635051727e-03,2.519407868385314941e-01,-2.301360815763473511e-01,3.124403953552246094e-01
-2.775998413562774658e-01,-3.348058089613914490e-02,-6.676832586526870728e-02,2.648563683032989502e-01,-4.291098564863204956e-02,3.532703816890716553e-01,-1.098891198635101318e-01,-5.134613811969757080e-02,-1.315167844295501709e-01,-1.951182931661605835e-01,-8.550468087196350098e-02,-4.189994186162948608e-03
2.446503490209579468e-01,2.057745158672332764e-01,-1.496978383511304855e-02,1.302834451198577881e-01,4.740424454212188721e-02,3.250099718570709229e-01,5.469058156013488770e-01,-9.863749146461486816e-02,-5.590233951807022095e-02,-3.081852383911609650e-02,-2.528469078242778778e-02,-2.329866290092468262e-01
1.127972453832626343e-01,-5.542242527008056641e-02,-3.163417801260948181e-02,-2.898689508438110352e-01,-6.482386589050292969e-02,4.462280869483947754e-02,-6.604491174221038818e-02,-1.639122329652309418e-02,5.243026651442050934e-03,3.765661716461181641e-01,4.724829271435737610e-02,1.756734098307788372e-03
2.156813293695449829e-01,2.389758825302124023e-02,-1.425675116479396820e-02,4.676739275455474854e-01,3.971314430236816406e-02,-4.614918306469917297e-02,6.303184479475021362e-02,-7.557069510221481323e-02,1.094300765544176102e-02,-2.043081372976303101e-01,1.370824873447418213e-03,1.689397916197776794e-02
1.338219493627548218e-01,-7.930415123701095581e-02,2.177500873804092407e-01,9.129524230957031250e-03,-1.216057091951370239e-01,1.408525742590427399e-02,2.732379436492919922e-01,-3.986633941531181335e-02,7.071741670370101929e-02,-5.621119737625122070e-01,-1.347209513187408447e-01,1.084430292248725891e-01
-3.136887848377227783e-01,-1.188012659549713135e-01,-1.671684980392456055e-01,6.750653386116027832e-01,-3.107160737272351980e-04,-1.139913722872734070e-01,-2.834586799144744873e-02,-1.866684528067708015e-03,3.109836019575595856e-02,2.719370648264884949e-02,-4.456630349159240723e-02,7.904016971588134766e-02
6.249948590993881226e-02,-2.631589025259017944e-02,1.354376971721649170e-02,-3.381893411278724670e-02,2.989124692976474762e-02,8.805773258209228516e-01,1.006458979099988937e-02,1.511797774583101273e-02,-5.860038846731185913e-02,7.093139737844467163e-02,-1.282869372516870499e-02,6.106181815266609192e-02
-3.981774449348449707e-01,1.054140031337738037e-01,5.488995462656021118e-02,-2.632900774478912354e-01,1.726527661085128784e-01,1.245213076472282410e-01,4.571121931076049805e-02,-9.349948912858963013e-02,6.189719960093498230e-02,2.774084806442260742e-01,2.266215384006500244e-01,6.884660571813583374e-02
-8.567328006029129028e-02,-7.768496125936508179e-02,2.552810311317443848e-01,-5.653287172317504883e-01,-1.088960692286491394e-01,-2.943327724933624268e-01,1.417943537235260010e-01,-2.553523518145084381e-02,3.408736735582351685e-02,6.093071103096008301e-01,8.319341391324996948e-02,-4.037011787295341492e-02
1.175742894411087036e-01,1.194867938756942749e-01,-5.597440153360366821e-02,9.652875363826751709e-02,3.804129734635353088e-02,9.913305938243865967e-02,9.978563338518142700e-02,-7.658901065587997437e-02,3.072757720947265625e-01,-3.076149821281433105e-01,-5.303996428847312927e-02,-9.840134531259536743e-02
8.561759442090988159e-02,-8.161067217588424683e-02,-5.074713826179504395e-01,-1.406647264957427979e-01,7.531600072979927063e-03,-9.141857922077178955e-02,8.075668662786483765e-02,2.329315058887004852e-02,2.301397621631622314e-01,-1.446020901203155518e-01,-3.298825025558471680e-02,-2.888085842132568359e-01
-5.812361836433410645e-01,5.657759308815002441e-02,8.180316537618637085e-02,1.036971807479858398e+00,-5.672889575362205505e-02,9.228488802909851074e-02,4.686820209026336670e-01,2.870877087116241455e-02,2.377331852912902832e-01,2.125847488641738892e-01,5.874158442020416260e-02,1.392697542905807495e-01
1.437270641326904297e-01,-2.798711657524108887e-01,3.758574128150939941e-01,7.235150039196014404e-02,-2.355312108993530273e-01,2.848123610019683838e-01,-9.302792605012655258e-04,-8.574367314577102661e-02,2.856010496616363525e-01,-1.633899509906768799e-01,-5.051972344517707825e-02,4.849351644515991211e-01
-4.402054846286773682e-01,-6.274051964282989502e-02,2.864577770233154297e-01,-2.608664929866790771e-01,-9.120798856019973755e-02,1.125172078609466553e-01,-5.955283045768737793e-01,9.734247624874114990e-02,6.179604306817054749e-02,1.521129906177520752e-01,-2.032781243324279785e-01,3.530316948890686035e-01
-2.965308129787445068e-01,-1.135761290788650513e-02,-2.023020535707473755e-01,-4.023671448230743408e-01,3.006398864090442657e-02,-1.352605670690536499e-01,2.226726114749908447e-01,-4.719378799200057983e-02,-3.442755714058876038e-02,1.566274017095565796e-01,-2.794352173805236816e-01,-1.051859706640243530e-01
-9.127872437238693237e-02,-1.652703061699867249e-02,1.803975701332092285e-01,-1.301863640546798706e-01,-9.505401551723480225e-02,1.895178705453872681e-01,1.969857215881347656e-01,2.683822810649871826e-01,-1.360357850790023804e-01,1.506327688694000244e-01,-1.018447428941726685e-01,1.048960089683532715e-01
-1.448191851377487183e-01,1.351924836635589600e-01,-1.856480538845062256e-01,1.073186397552490234e-01,-7.854392752051353455e-03,-1.225173547863960266e-01,-6.426326930522918701e-02,-5.989162251353263855e-02,4.849426914006471634e-03,-3.134509548544883728e-02,-1.156909298151731491e-02,-2.866543084383010864e-02
3.871292173862457275e-01,1.865318976342678070e-02,2.308414131402969360e-01,1.833380013704299927e-01,-1.016458868980407715e-01,3.545163944363594055e-02,5.047241225838661194e-02,1.225712075829505920e-01,-5.497933924198150635e-02,-1.480944156646728516e-01,-2.169007249176502228e-02,-2.622042596340179443e-01
-2.088798582553863525e-01,9.944621473550796509e-02,1.509294062852859497e-01,-3.468192517757415771e-01,3.487906605005264282e-02,1.274718642234802246e-01,3.389332592487335205e-01,8.872107602655887604e-03,1.762753874063491821e-01,-5.903721451759338379e-01,-7.284585386514663696e-03,-2.791443765163421631e-01
-2.372235208749771118e-01,-9.356822073459625244e-02,-9.665196388959884644e-02,4.175766110420227051e-01,-2.323142252862453461e-02,-2.704947590827941895e-01,-7.878655195236206055e-01,-3.336192108690738678e-03,-2.427216321229934692e-01,1.532389521598815918e-01,3.633074462413787842e-02,1.031654849648475647e-01
1.199688687920570374e-01,1.215687394142150879e-01,-2.839394807815551758e-01,1.632977873086929321e-01,3.116925805807113647e-02,2.038636207580566406e-01,3.490090966224670410e-01,1.141956150531768799e-01,4.274302423000335693e-01,-4.232623875141143799e-01,6.047631502151489258e-01,-3.889649361371994019e-02
-2.399882115423679352e-02,1.089862827211618423e-02,-3.820042125880718231e-03,2.960900217294692993e-02,-2.370873466134071350e-02,-5.247100442647933960e-02,-1.130125895142555237e-01,3.921087682247161865e-01,3.534685587510466576e-03,6.551053375005722046e-02,-5.826588603667914867e-04,-3.032277524471282959e-02
2.272764295339584351e-01,1.187109574675559998e-01,-2.723272740840911865e-01,8.921436965465545654e-02,-1.467525064945220947e-01,-1.771138757467269897e-01,3.245717287063598633e-02,4.054699465632438660e-02,-4.496285319328308105e-01,-6.671527773141860962e-02,1.559235854074358940e-03,3.468060865998268127e-02
-1.227552723139524460e-02,1.312931161373853683e-02,2.543933093547821045e-01,5.976885557174682617e-01,1.044567972421646118e-01,-1.493338644504547119e-01,-3.344573974609375000e-01,-6.010433286428451538e-02,1.541599482297897339e-01,-1.634102016687393188e-01,2.537882328033447266e-01,4.494844973087310791e-01
-6.320074200630187988e-02,1.666734963655471802e-01,3.233192488551139832e-02,-5.578807368874549866e-02,1.513243466615676880e-01,-1.075338423252105713e-01,-6.334552913904190063e-02,3.464810922741889954e-02,6.031950563192367554e-02,-1.668694987893104553e-02,7.541145384311676025e-02,-1.837372034788131714e-01
-1.518141180276870728e-01,-1.042859256267547607e-02,1.147687062621116638e-02,-7.642085850238800049e-02,-3.486000895500183105e-01,5.696458369493484497e-02,-4.200835898518562317e-02,-4.489924758672714233e-02,5.910550802946090698e-02,-1.233368366956710815e-01,-1.137857884168624878e-02,2.578590763732790947e-03
7.126345485448837280e-02,-4.954506643116474152e-03,9.019701741635799408e-03,3.019327819347381592e-01,8.122786134481430054e-02,4.225381091237068176e-02,-1.678394228219985962e-01,-5.515116825699806213e-02,1.963282376527786255e-01,1.327278017997741699e-01,1.157897487282752991e-01,2.924219071865081787e-01
-4.433611631393432617e-01,1.100819651037454605e-02,-4.108360037207603455e-02,1.953283399343490601e-01,1.151694357395172119e-02,3.731665611267089844e-01,4.852580130100250244e-01,-6.984624266624450684e-02,5.258391052484512329e-02,-6.245460510253906250e-01,1.478373408317565918e-01,-1.560248434543609619e-02
-2.123828046023845673e-02,9.326646476984024048e-02,-2.458847314119338989e-01,-7.522997856140136719e-01,-4.315982386469841003e-02,1.950862854719161987e-01,-2.467698603868484497e-01,8.420412987470626831e-02,-3.354564309120178223e-01,3.544967174530029297e-01,1.349345315247774124e-03,-1.957788169384002686e-01
4.888902306556701660e-01,9.993322938680648804e-02,-2.905725538730621338e-01,-1.590751409530639648e-01,9.266566485166549683e-02,4.135892391204833984e-01,2.858210504055023193e-01,-1.107153370976448059e-01,-2.273464202880859375e-01,1.748055666685104370e-01,-1.938037015497684479e-02,2.443042993545532227e-01
-1.040970757603645325e-01,3.933317661285400391e-01,-5.228425860404968262e-01,1.913146972656250000e-01,3.447063565254211426e-01,-2.444118857383728027e-01,-8.568935096263885498e-02,8.221310377120971680e-02,-5.817766189575195312e-01,1.507200021296739578e-02,6.556680798530578613e-02,-2.625042796134948730e-01
-4.110495001077651978e-02,-9.566852450370788574e-02,-3.027171194553375244e-01,-5.237526074051856995e-02,-7.023697346448898315e-02,-3.809200227260589600e-02,-6.765209138393402100e-02,1.776471585035324097e-01,-1.695737391710281372e-01,-1.771167665719985962e-02,3.051274269819259644e-02,-3.988690078258514404e-01
3.610699474811553955e-01,3.794220462441444397e-02,5.302497148513793945e-01,1.743932813405990601e-02,4.211557679809629917e-04,-6.132162362337112427e-02,3.641223907470703125e-02,-4.106757417321205139e-02,-1.153868064284324646e-02,-9.898418188095092773e-02,2.511828765273094177e-02,1.487924456596374512e-01
-5.230792164802551270e-01,-2.906097285449504852e-02,-1.042720600962638855e-01,1.378514617681503296e-01,1.602113433182239532e-02,1.070549190044403076e-01,-3.579178452491760254e-01,-8.010005578398704529e-03,4.138913005590438843e-02,4.560364484786987305e-01,2.826468832790851593e-02,-1.515952050685882568e-01
-5.464284867048263550e-02,-2.580814361572265625e-01,2.833121120929718018e-01,-1.675795316696166992e-01,1.243397593498229980e-01,-1.057312116026878357e-01,-2.153903618454933167e-02,3.206023247912526131e-03,2.347132861614227295e-01,-2.417137622833251953e-01,-2.785464189946651459e-02,2.067099511623382568e-01
-2.176008224487304688e-01,-2.276561036705970764e-02,2.897097915410995483e-02,-3.801174461841583252e-02,-3.706430143211036921e-04,-2.570591866970062256e-01,-5.085303783416748047e-01,-3.476098179817199707e-02,7.423373460769653320e-01,5.824414491653442383e-01,-1.560797691345214844e-01,3.454826474189758301e-01
6.816709041595458984e-02,2.361052483320236206e-02,4.097298532724380493e-02,-1.664551347494125366e-01,6.521307863295078278e-03,1.760257035493850708e-02,3.071332816034555435e-03,5.492863128893077374e-04,8.484998717904090881e-03,6.789707392454147339e-02,-4.689670167863368988e-03,7.115938663482666016e-01
6.159365773200988770e-01,-5.763914436101913452e-02,3.890790343284606934e-01,-3.359806835651397705e-01,2.616707421839237213e-02,2.305546104907989502e-01,-1.526127606630325317e-01,-1.222608759999275208e-01,-1.236785054206848145e-01,-5.363309010863304138e-02,-2.093152850866317749e-01,3.702133893966674805e-01
7.667944431304931641e-01,-9.156670421361923218e-02,-1.036271601915359497e-01,-2.783423960208892822e-01,-6.023411080241203308e-02,-1.543862186372280121e-02,6.741799712181091309e-01,1.639259457588195801e-01,-4.901635646820068359e-02,9.492419362068176270e-01,-5.561188329011201859e-03,-6.491620838642120361e-02
-5.922978520393371582e-01,3.891099393367767334e-01,2.079194337129592896e-01,-9.395984560251235962e-02,1.458704471588134766e-01,-7.455598711967468262e-01,4.189729318022727966e-02,-2.444059699773788452e-01,-4.243531525135040283e-01,2.009385526180267334e-01,6.006829068064689636e-02,-3.482790887355804443e-01
-1.469489783048629761e-01,1.007905825972557068e-01,-4.522748589515686035e-01,-2.400310942903161049e-03,2.197998911142349243e-01,-1.230291128158569336e-01,2.963476441800594330e-02,-1.399315446615219116e-01,-2.922598738223314285e-03,6.212632730603218079e-02,2.006868086755275726e-02,7.135644555091857910e-02
-1.461858004331588745e-01,3.559738397598266602e-02,3.538939729332923889e-02,-5.337815284729003906e-01,-1.054523140192031860e-01,7.475762814283370972e-02,-1.257302612066268921e-02,-4.274602606892585754e-02,-4.194981753826141357e-01,-1.612464785575866699e-01,-1.175261437892913818e-01,3.145278617739677429e-02
3.709865510463714600e-01,-8.653120137751102448e-03,-4.310901165008544922e-01,1.577667891979217529e-01,-1.881917752325534821e-02,-2.494437545537948608e-01,-5.984819959849119186e-03,9.002191573381423950e-02,2.639865875244140625e-01,2.858830690383911133e-01,-1.453798729926347733e-02,8.854275196790695190e-02
-1.060678511857986450e-01,-4.159013181924819946e-02,2.134876847267150879e-01,6.459896564483642578e-01,2.468727156519889832e-02,1.161725167185068130e-02,2.108704894781112671e-01,4.915693029761314392e-02,-1.008996814489364624e-01,-3.001238703727722168e-01,-7.236439734697341919e-02,2.331024035811424255e-03
-1.290708035230636597e-01,-7.353920489549636841e-02,3.937059640884399414e-01,-8.396981954574584961e-01,-4.825170338153839111e-02,7.463385164737701416e-02,-1.655840724706649780e-01,-4.912809282541275024e-02,-4.424226284027099609e-01,6.281376481056213379e-01,7.975471764802932739e-02,2.229484766721725464e-01
1.845078021287918091e-01,-7.395698428153991699e-01,-6.353959441184997559e-02,4.977849498391151428e-02,1.668567582964897156e-02,1.514241695404052734e-01,-7.605275511741638184e-02,-1.003832444548606873e-01,-8.739718049764633179e-02,-2.684010267257690430e-01,1.336640678346157074e-02,-4.268053546547889709e-02
-1.896200329065322876e-01,8.507744967937469482e-02,-9.435359388589859009e-02,-8.146171569824218750e-01,-1.389223635196685791e-01,-1.781410425901412964e-01,-3.423456549644470215e-01,3.131624683737754822e-02,1.765485554933547974e-01,2.876667678356170654e-01,2.544653713703155518e-01,1.143048331141471863e-01
-2.641684114933013916e-01,1.915159970521926880e-01,-3.872291147708892822e-01,-1.250804513692855835e-01,-1.276527415029704571e-03,-4.877258837223052979e-01,-5.885351449251174927e-02,1.776613742113113403e-01,-4.462524130940437317e-02,7.239652425050735474e-02,1.075582504272460938e-01,7.978264093399047852e-01
-4.309726879000663757e-02,-5.851189605891704559e-03,1.304001063108444214e-01,1.431006491184234619e-01,5.281501635909080505e-02,-7.203768193721771240e-02,1.978182494640350342e-01,4.091013967990875244e-02,-4.341720417141914368e-02,2.106253653764724731e-01,3.208861500024795532e-02,-2.694892287254333496e-01
-6.658844351768493652e-01,-9.203681349754333496e-02,5.747580155730247498e-02,-1.752791460603475571e-03,1.654651388525962830e-02,3.092315793037414551e-02,-2.139495611190795898e-01,5.008869618177413940e-02,-2.307693362236022949e-01,-1.071771420538425446e-02,-7.480481266975402832e-02,8.037386462092399597e-03
-1.228574067354202271e-01,-5.201894789934158325e-02,8.160191588103771210e-03,3.254658579826354980e-01,-4.804823175072669983e-02,1.398332118988037109e-01,2.323328703641891479e-01,5.810204893350601196e-02,5.539697408676147461e-02,2.056625485420227051e-01,1.625988036394119263e-01,1.027902867645025253e-02
2.689556777477264404e-02,1.815046817064285278e-01,-6.005519628524780273e-01,-5.293864607810974121e-01,-1.583694480359554291e-02,-1.941290646791458130e-01,-1.780588626861572266e-01,-1.495502293109893799e-01,5.410622060298919678e-02,-2.924204766750335693e-01,1.043426990509033203e-01,3.197247982025146484e-01
-7.605730742216110229e-02,3.239739537239074707e-01,6.486138701438903809e-02,-5.459476262331008911e-02,3.057711012661457062e-02,-1.397200077772140503e-01,-2.230426520109176636e-01,6.711379438638687134e-02,-3.452804386615753174e-01,1.282425820827484131e-01,1.707924716174602509e-02,-9.688356518745422363e-02
-7.795841246843338013e-02,-4.262929037213325500e-02,5.296890065073966980e-02,-1.539349704980850220e-01,-2.756625227630138397e-02,8.151967078447341919e-02,1.000024795532226562e+00,2.080549672245979309e-02,-1.018335111439228058e-03,1.793138533830642700e-01,-1.373361237347126007e-02,-2.752093598246574402e-02
-6.740763783454895020e-01,-1.654785573482513428e-01,-1.798386871814727783e-01,2.369981072843074799e-02,3.486526757478713989e-02,2.749948529526591301e-03,2.423364967107772827e-01,-3.558443114161491394e-02,9.807922691106796265e-02,-5.159909725189208984e-01,-5.395227298140525818e-02,-7.682940363883972168e-02
-5.885328724980354309e-02,-6.582462787628173828e-02,2.340561300516128540e-01,-5.585854649543762207e-01,1.381852664053440094e-02,-1.070594117045402527e-01,-1.202335834503173828e+00,-9.081461280584335327e-02,-3.506008386611938477e-01,1.736238040030002594e-02,-5.194847285747528076e-02,-4.333066195249557495e-02
5.090403556823730469e-01,7.372879981994628906e-02,-3.453916683793067932e-02,2.813806831836700439e-01,-4.951576888561248779e-02,-8.826693147420883179e-02,5.418010056018829346e-02,9.844575822353363037e-02,-1.961530745029449463e-01,6.140629574656486511e-02,-4.443890880793333054e-03,6.915409117937088013e-02
-1.580293178558349609e-01,-4.464955255389213562e-02,-9.727278724312782288e-03,7.686394383199512959e-05,7.515981327742338181e-03,2.016755640506744385e-01,-3.456628024578094482e-01,-7.347918115556240082e-03,-1.594405919313430786e-01,4.263633489608764648e-01,5.631299316883087158e-02,-2.831768989562988281e-01
-2.827140986919403076e-01,1.020676344633102417e-01,2.581757307052612305e-01,-3.093052506446838379e-01,5.723150447010993958e-02,9.575317800045013428e-02,7.586545348167419434e-01,1.467086225748062134e-01,-4.395729396492242813e-03,-1.742293983697891235e-01,1.720951050519943237e-01,-1.010504812002182007e-01
-1.295489631593227386e-02,-9.808404743671417236e-02,-1.033172905445098877e-01,1.903836876153945923e-01,-2.562951855361461639e-02,1.184580102562904358e-02,9.225132316350936890e-02,2.112392336130142212e-01,-6.127304583787918091e-02,4.965147748589515686e-02,-6.317186355590820312e-02,1.692299991846084595e-01
5.174498558044433594e-01,2.708147652447223663e-02,1.991600096225738525e-01,-8.602695465087890625e-01,2.060804516077041626e-01,1.432664394378662109e-01,-4.561015665531158447e-01,-9.876643866300582886e-02,-2.372465282678604126e-01,5.187526345252990723e-02,-5.605026334524154663e-02,-1.709574013948440552e-01
-8.999984711408615112e-02,1.400803178548812866e-01,1.558497399091720581e-01,-2.956674695014953613e-01,-5.011289119720458984e-01,2.465279586613178253e-02,8.005689084529876709e-02,-1.338703837245702744e-02,4.127108305692672729e-02,-4.493531882762908936e-01,6.714806705713272095e-02,3.068277798593044281e-02
-6.474173069000244141e-01,-1.081589683890342712e-01,-2.174008190631866455e-01,-3.320280313491821289e-01,1.822082847356796265e-01,4.473795294761657715e-01,1.385089904069900513e-01,-1.582469046115875244e-01,8.556372672319412231e-02,1.224810555577278137e-01,3.886709734797477722e-02,3.495002985000610352e-01
-1.229484006762504578e-01,-2.490873634815216064e-02,-9.626002050936222076e-03,1.141555830836296082e-01,4.089513421058654785e-02,6.370818614959716797e-02,3.516159057617187500e-01,-7.358971238136291504e-02,3.091102838516235352e-01,-2.975891530513763428e-01,1.253947615623474121e-02,4.366233944892883301e-01
-1.083715409040451050e-01,6.069657206535339355e-02,-1.619335412979125977e-01,2.920181453227996826e-01,-9.148744866251945496e-03,5.253452435135841370e-02,8.852981030941009521e-02,7.344550639390945435e-02,2.733597457408905029e-01,9.851362556219100952e-02,-4.801403731107711792e-02,-3.098247945308685303e-01
7.732211947441101074e-01,2.371962368488311768e-02,8.554534986615180969e-03,-1.504202093929052353e-02,1.512745860964059830e-02,-7.621693611145019531e-02,1.503613293170928955e-01,-2.441978780552744865e-03,2.008472830057144165e-01,-1.800293661653995514e-02,-8.075077086687088013e-02,2.782684564590454102e-01
2.546512186527252197e-01,-1.709344983100891113e-01,-7.360517978668212891e-02,9.441113471984863281e-02,-7.879541814327239990e-02,-1.381479054689407349e-01,1.594375520944595337e-01,-1.096727922558784485e-01,1.074792891740798950e-01,5.022282004356384277e-01,-2.689591646194458008e-01,1.092074885964393616e-01
4.900313019752502441e-01,1.027714926749467850e-02,-1.688960492610931396e-01,-1.767756342887878418e-01,-1.326551884412765503e-01,-2.522178292274475098e-01,4.102800507098436356e-03,-9.220430254936218262e-02,-5.813295394182205200e-02,3.548039197921752930e-01,3.092261264100670815e-03,1.282249093055725098e-01
-3.913080692291259766e-01,1.614185124635696411e-01,7.559499889612197876e-02,1.936741173267364502e-01,-2.958088219165802002e-01,1.929437220096588135e-01,1.804205924272537231e-01,5.703459307551383972e-02,-7.388386875391006470e-02,-9.869731962680816650e-02,1.173289641737937927e-01,-1.969816684722900391e-01
-3.801195919513702393e-01,-1.250531822443008423e-01,2.217595279216766357e-02,2.006920278072357178e-01,-1.319018900394439697e-01,-9.297958761453628540e-02,5.154500603675842285e-01,-4.540379159152507782e-03,-1.629326492547988892e-01,3.789866566658020020e-01,-1.723876446485519409e-01,-1.653524786233901978e-01
2.123084664344787598e-01,2.379955537617206573e-02,2.916192710399627686e-01,5.337917804718017578e-01,-2.531169950962066650e-01,-2.189701981842517853e-02,6.315781474113464355e-01,-2.235324680805206299e-02,4.857302084565162659e-02,2.464541643857955933e-01,-3.000612743198871613e-02,-9.307563304901123047e-03
-2.622690200805664062e-01,-9.330230206251144409e-02,5.477488506585359573e-03,-1.548114717006683350e-01,-8.401747047901153564e-02,-1.203531697392463684e-01,2.413506805896759033e-02,-1.604456156492233276e-01,-3.766756355762481689e-01,-4.911182820796966553e-01,1.010797843337059021e-01,-1.714050769805908203e-01
-3.028391003608703613e-01,-4.936309903860092163e-02,-7.329636812210083008e-02,-4.003413021564483643e-01,-1.278042327612638474e-02,4.774073511362075806e-02,3.146865963935852051e-01,1.690952926874160767e-01,-3.297292292118072510e-01,-2.989936470985412598e-01,6.727668456733226776e-03,9.302675724029541016e-02
2.941800653934478760e-01,1.365298777818679810e-01,2.379153296351432800e-02,-2.838666141033172607e-01,-5.115898326039314270e-02,3.805309832096099854e-01,2.694284543395042419e-02,6.171591579914093018e-02,-3.555048406124114990e-01,-2.030104845762252808e-01,-1.285885721445083618e-01,4.636382684111595154e-02
1.686064898967742920e-01,8.517250418663024902e-03,1.464550755918025970e-02,-5.678185075521469116e-02,-1.011182926595211029e-02,-7.539680227637290955e-03,-3.853857517242431641e-01,-7.962000370025634766e-02,1.585863158106803894e-02,-1.419632583856582642e-01,1.628570025786757469e-04,7.364288717508316040e-02
-6.408008933067321777e-01,-2.769110500812530518e-01,2.477647066116333008e-01,1.961390972137451172e-01,1.887959837913513184e-01,1.317839324474334717e-01,1.745743453502655029e-01,-7.892138510942459106e-02,-4.755370020866394043e-01,-2.500983774662017822e-01,2.921285927295684814e-01,4.592951014637947083e-02
-8.437588810920715332e-01,-4.583226144313812256e-02,6.683130562305450439e-02,1.993486732244491577e-01,2.780048362910747528e-02,2.402202039957046509e-01,-4.091757833957672119e-01,3.238321542739868164e-01,8.801028132438659668e-02,9.849420934915542603e-02,5.041953548789024353e-02,1.721534281969070435e-01
2.077197134494781494e-01,-1.582116186618804932e-01,2.439122274518013000e-02,-3.650078177452087402e-01,1.753548160195350647e-02,1.332938373088836670e-01,7.678950428962707520e-01,-1.239405851811170578e-02,2.843689918518066406e-02,-8.825094252824783325e-02,-1.024618558585643768e-02,1.887330412864685059e-01
-3.238354921340942383e-01,-1.892252080142498016e-02,1.121264174580574036e-01,-2.268551290035247803e-01,5.513028241693973541e-03,-5.235166549682617188e-01,1.270114034414291382e-01,-8.354565501213073730e-02,2.697640657424926758e-01,6.170251369476318359e-01,-1.957871019840240479e-01,3.725908324122428894e-02
1.500936597585678101e-01,-5.154812708497047424e-02,1.842305213212966919e-01,-9.459740668535232544e-02,2.780704386532306671e-02,-1.941761374473571777e-01,-5.226797610521316528e-02,-4.417239874601364136e-02,-3.149857521057128906e-01,1.168494522571563721e-01,-7.653104513883590698e-02,1.003292873501777649e-01
3.436649218201637268e-02,1.227394193410873413e-01,-5.817997455596923828e-02,-2.072072327136993408e-01,7.289215922355651855e-02,4.575153291225433350e-01,1.211646646261215210e-01,-5.975970067083835602e-03,-4.059817269444465637e-02,-4.093775153160095215e-01,-1.472133845090866089e-01,1.349942386150360107e-01
1.717778891324996948e-01,-1.369895339012145996e-01,1.340532153844833374e-01,5.076822638511657715e-01,-1.388504952192306519e-01,-7.790273427963256836e-02,7.677283883094787598e-02,5.910472944378852844e-02,-5.133140087127685547e-02,9.086611270904541016e-01,3.127695247530937195e-02,-2.109666354954242706e-02
-2.795852348208427429e-02,-1.854983158409595490e-02,-8.808844536542892456e-02,-3.070105910301208496e-01,1.804669499397277832e-01,-2.713574469089508057e-01,8.980139344930648804e-02,-6.247540190815925598e-02,-9.178854525089263916e-02,-4.017353653907775879e-01,1.514129620045423508e-02,-7.677517831325531006e-02
-3.368549942970275879e-01,1.593299955129623413e-01,1.300787087529897690e-03,1.129137501120567322e-01,2.413179725408554077e-01,-6.966058909893035889e-02,-3.657330572605133057e-02,4.804944247007369995e-02,1.374582350254058838e-01,9.959175251424312592e-03,-5.222669616341590881e-02,2.436540573835372925e-01
-5.117445811629295349e-02,1.284815520048141479e-01,2.245212793350219727e-01,-1.929050683975219727e-01,1.504405885934829712e-01,4.593902081251144409e-02,-7.006880640983581543e-01,-1.296591013669967651e-01,-1.340397596359252930e-01,4.752666689455509186e-03,2.227782756090164185e-01,-4.483144879341125488e-01
-1.930136382579803467e-01,2.002824991941452026e-01,9.868746250867843628e-02,-5.080680176615715027e-02,-1.821559667587280273e-02,4.192259907722473145e-02,-9.247013181447982788e-02,8.859773725271224976e-02,-4.538640379905700684e-01,-1.314056366682052612e-01,-2.309350371360778809e-01,-4.725775495171546936e-02
4.288402199745178223e-01,-9.237391501665115356e-02,-1.648541092872619629e-01,7.112273946404457092e-03,-1.445452403277158737e-02,1.935397088527679443e-01,-1.990080475807189941e-01,-7.635019719600677490e-02,-4.402461927384138107e-03,-2.228453308343887329e-01,-2.239071950316429138e-02,-3.230397105216979980e-01
-2.890213429927825928e-01,-7.866819947957992554e-02,1.965732313692569733e-02,-1.057216301560401917e-01,1.060103029012680054e-01,-2.524152025580406189e-02,2.887300848960876465e-01,-1.186170130968093872e-01,7.907148450613021851e-02,2.744234204292297363e-01,-1.602978259325027466e-02,-7.790508866310119629e-02
-2.217737585306167603e-01,-7.802999764680862427e-02,1.788201183080673218e-01,-2.567974664270877838e-02,-1.297796261496841908e-03,1.750321537256240845e-01,-2.679442763328552246e-01,-7.807249575853347778e-02,6.362079083919525146e-02,-2.559244334697723389e-01,-1.160905733704566956e-01,9.399481117725372314e-02
-1.022050529718399048e-01,1.806422024965286255e-01,-4.065880551934242249e-02,-6.932416558265686035e-02,1.234107464551925659e-01,-4.853805527091026306e-02,-2.850235402584075928e-01,-3.062438219785690308e-02,1.141731888055801392e-01,-7.613365352153778076e-02,-4.347849264740943909e-02,1.686329394578933716e-01
-1.419984102249145508e-01,4.153247922658920288e-02,5.296177789568901062e-02,1.443801373243331909e-01,3.376749902963638306e-02,-7.075926661491394043e-02,-2.879596650600433350e-01,-1.369307339191436768e-01,2.621855735778808594e-01,-1.031854227185249329e-01,-7.577098906040191650e-02,-9.600445628166198730e-02
-2.803080901503562927e-02,4.191940724849700928e-01,-2.019002884626388550e-01,4.117093235254287720e-02,1.462401300668716431e-01,-1.324661493301391602e+00,-8.655568957328796387e-02,2.012277841567993164e-01,-7.355277538299560547e-01,1.430645883083343506e-01,3.874615952372550964e-02,-3.564498126506805420e-01
-9.787249565124511719e-02,-1.138495728373527527e-01,2.768944501876831055e-01,8.928119391202926636e-02,2.061605304479598999e-01,-1.061945781111717224e-02,-1.620165407657623291e-01,-1.299148201942443848e-01,-1.078559160232543945e-01,-6.153708100318908691e-01,-7.520586252212524414e-02,2.402353733777999878e-01
-3.836144804954528809e-01,1.127692032605409622e-02,1.559951901435852051e-01,8.348156213760375977e-01,-1.073911190032958984e-01,3.177281916141510010e-01,-3.068332560360431671e-02,5.273552611470222473e-02,1.305858045816421509e-01,-1.148564368486404419e-01,-1.634185947477817535e-02,2.100466638803482056e-01
6.813797950744628906e-01,-1.128980517387390137e-02,-6.802131980657577515e-02,7.887280732393264771e-02,8.674879372119903564e-02,4.665415361523628235e-02,1.709000915288925171e-01,4.038922488689422607e-02,-1.285744607448577881e-01,3.684236407279968262e-01,-9.400491416454315186e-02,1.517674475908279419e-01
-1.245817393064498901e-01,-2.157981693744659424e-02,6.673039495944976807e-02,-2.023201808333396912e-02,-1.278009358793497086e-02,-4.028685390949249268e-01,1.849726289510726929e-01,1.543563697487115860e-02,1.391097065061330795e-02,-3.758637001737952232e-03,5.625821277499198914e-02,-4.159523546695709229e-02
-9.221392124891281128e-02,-1.072159223258495331e-02,-6.105905175209045410e-01,6.326171010732650757e-02,1.291455179452896118e-01,-3.053655624389648438e-01,-4.722936823964118958e-02,3.217700868844985962e-02,-5.331256985664367676e-01,-1.209985557943582535e-02,-1.165606677532196045e-01,-1.727323979139328003e-01
-2.074570357799530029e-01,-1.201348006725311279e-02,-2.084128372371196747e-02,1.909369789063930511e-02,3.615219518542289734e-02,-4.496163129806518555e-02,-6.271207332611083984e-02,2.994538843631744385e-02,-2.995812296867370605e-01,-6.601421535015106201e-02,1.660282909870147705e-01,-1.023175492882728577e-01
-1.561015248298645020e-01,3.918295204639434814e-01,-2.919247001409530640e-02,4.591128230094909668e-02,2.545358240604400635e-02,-2.922019660472869873e-01,-2.554124779999256134e-02,1.667186617851257324e-01,1.242038682103157043e-01,5.498921498656272888e-02,-1.377372443675994873e-01,-2.131758332252502441e-01
-5.453556180000305176e-01,-9.825314581394195557e-02,-8.775886148214340210e-02,-2.151012569665908813e-01,-5.238089337944984436e-02,-3.412977606058120728e-02,7.151191830635070801e-01,1.550384610891342163e-01,-1.564882397651672363e-01,5.607100948691368103e-02,-9.208825230598449707e-02,-4.986852034926414490e-02
1.018012687563896179e-01,5.924994498491287231e-02,6.803641468286514282e-02,-6.555466055870056152e-01,-1.458780467510223389e-01,-1.635687500238418579e-01,1.612678319215774536e-01,-1.667416468262672424e-02,-7.770524173974990845e-02,3.689564466476440430e-01,9.789186529815196991e-03,-1.014427561312913895e-02
4.857880175113677979e-01,6.568425148725509644e-02,1.702884137630462646e-01,-1.103525012731552124e-01,-1.617369428277015686e-02,-1.324159950017929077e-01,7.974571734666824341e-02,-7.719545811414718628e-02,1.118264123797416687e-01,-8.080485463142395020e-02,1.665540188550949097e-01,-3.936450779438018799e-01
-2.172563970088958740e-01,-2.021447196602821350e-02,-4.654999375343322754e-01,-4.282973706722259521e-01,9.634167072363197803e-04,8.396034836769104004e-01,1.370885521173477173e-01,2.904002368450164795e-01,7.630258798599243164e-02,-3.080563247203826904e-01,-1.649048030376434326e-01,7.531176507472991943e-02
1.497512161731719971e-01,-1.316989660263061523e-01,2.294146642088890076e-02,-8.866935223340988159e-02,-5.876030400395393372e-02,-6.241169571876525879e-02,-3.195155039429664612e-02,-2.664049901068210602e-02,-1.567873917520046234e-02,-6.239853054285049438e-02,4.367515742778778076e-01,-3.995831683278083801e-02
1.820406876504421234e-02,1.486214399337768555e-01,1.013906821608543396e-01,-1.522190123796463013e-01,-1.099631655961275101e-02,7.892943918704986572e-02,4.317764192819595337e-02,1.206005960702896118e-01,-1.708261072635650635e-01,-1.863092333078384399e-01,1.529723405838012695e-01,1.259396970272064209e-01
7.594021558761596680e-01,-5.458927899599075317e-02,4.117709398269653320e-02,-3.255311846733093262e-01,6.567454338073730469e-02,-1.124168038368225098e-01,4.215900301933288574e-01,-1.050611659884452820e-01,6.633494794368743896e-02,-4.626726508140563965e-01,3.673865273594856262e-02,1.311000585556030273e-01
4.474855959415435791e-01,1.679095774888992310e-01,-1.291170418262481689e-01,-3.038192987442016602e-01,1.149449571967124939e-01,-5.020962953567504883e-01,4.521605968475341797e-01,3.163306787610054016e-02,1.830209344625473022e-01,5.205800533294677734e-01,1.194821670651435852e-04,1.154734659940004349e-02
6.273969411849975586e-01,-7.104654796421527863e-03,-8.383471369743347168e-01,-4.107516109943389893e-01,1.242487281560897827e-01,-3.161437511444091797e-01,7.374469190835952759e-02,-1.661183834075927734e-01,7.112854123115539551e-01,6.576599478721618652e-01,-2.822132408618927002e-01,2.065442353487014771e-01
1.395840793848037720e-01,-1.016593277454376221e-01,1.307887136936187744e-01,-3.498463630676269531e-01,-2.235434502363204956e-01,2.230895310640335083e-01,-7.107762992382049561e-02,5.064491182565689087e-03,1.102879047393798828e-01,1.583491116762161255e-01,9.654246270656585693e-02,-8.056446909904479980e-02
-8.164214342832565308e-02,-3.074297122657299042e-02,-2.480771690607070923e-01,4.346306622028350830e-01,9.857555478811264038e-02,2.942161262035369873e-01,-1.273383259773254395e+00,1.177446916699409485e-01,2.896889671683311462e-02,2.827724255621433258e-02,1.629621237516403198e-01,1.130464598536491394e-01
-5.824925303459167480e-01,-1.002682745456695557e-01,7.096113562583923340e-01,2.044512033462524414e-01,3.438824713230133057e-01,3.340720534324645996e-01,-7.013035416603088379e-01,-1.310584843158721924e-01,2.784552276134490967e-01,1.944735199213027954e-01,-1.029148548841476440e-01,4.044010639190673828e-01
6.403226405382156372e-02,-1.779418885707855225e-01,6.370121240615844727e-01,-2.225668355822563171e-02,1.994600985199213028e-03,3.140203952789306641e-01,2.177438288927078247e-01,1.214384809136390686e-01,1.812408119440078735e-01,-1.174636930227279663e-01,1.120206117630004883e-01,3.459255397319793701e-02
5.263498798012733459e-02,-9.210033714771270752e-02,-1.500874906778335571e-01,5.835174322128295898e-01,1.497257947921752930e-01,-2.230323404073715210e-01,-9.212938547134399414e-01,-9.836100041866302490e-02,-4.012363031506538391e-02,4.421372711658477783e-01,2.788759395480155945e-02,4.260222613811492920e-01
4.319867119193077087e-02,-2.701629996299743652e-01,1.177333295345306396e-01,-6.933985948562622070e-01,-1.496649682521820068e-01,-6.379440426826477051e-02,7.027016282081604004e-01,-8.994472026824951172e-02,6.664645075798034668e-01,-1.629780828952789307e-01,-5.248670578002929688e-01,2.218214571475982666e-01
1.437628120183944702e-01,-1.100639924407005310e-01,9.912759810686111450e-02,-2.117241770029067993e-01,2.990308403968811035e-02,1.794484257698059082e-02,2.781543135643005371e-01,-7.096564024686813354e-02,1.839187145233154297e-01,3.105382323265075684e-01,5.670212581753730774e-02,3.199930116534233093e-02
6.847959756851196289e-02,-1.678987443447113037e-01,-2.412993647158145905e-02,-3.146915435791015625e-01,-5.025104433298110962e-02,3.375285565853118896e-01,2.731228768825531006e-01,2.225282788276672363e-02,1.801471263170242310e-01,-4.955494031310081482e-02,1.131388470530509949e-01,-1.036944836378097534e-01
4.243080615997314453e-01,-2.263620942831039429e-01,-1.485777348279953003e-01,-1.565229892730712891e-01,5.046823620796203613e-02,-2.771935164928436279e-01,1.909456402063369751e-02,-3.594212234020233154e-01,4.074302017688751221e-01,-8.442849665880203247e-02,5.732033774256706238e-02,3.825212419033050537e-01
-1.244312152266502380e-01,5.074077285826206207e-03,6.166462972760200500e-02,2.312127351760864258e-01,-4.973343014717102051e-02,-8.906356245279312134e-02,-8.307330310344696045e-02,-3.391745314002037048e-02,-2.262171171605587006e-02,-4.122360050678253174e-01,-2.988675795495510101e-02,-2.879859209060668945e-01
4.729550704360008240e-02,-1.414109254255890846e-03,-2.515944093465805054e-02,1.677374988794326782e-01,-3.247338160872459412e-02,8.599898964166641235e-02,-8.100446313619613647e-03,-4.437062889337539673e-02,4.719866514205932617e-01,2.343723364174365997e-02,3.001642972230911255e-02,3.151006251573562622e-02
-9.536784887313842773e-02,1.783356666564941406e-01,1.134101115167140961e-02,-1.235126927495002747e-01,9.644147753715515137e-02,9.697017073631286621e-02,1.683703213930130005e-01,-8.754610083997249603e-03,-2.265218347311019897e-01,2.325913012027740479e-01,-2.263641357421875000e-02,-1.580067276954650879e-01
2.093178480863571167e-01,-8.972838521003723145e-02,-1.581856161355972290e-01,-6.421939134597778320e-01,-8.700267970561981201e-02,9.557455778121948242e-02,-6.467901170253753662e-02,1.139060407876968384e-01,1.312342658638954163e-02,-2.313896715641021729e-01,6.318350881338119507e-02,7.269891444593667984e-03
3.725953102111816406e-01,6.084689497947692871e-02,-3.665526583790779114e-02,2.807529866695404053e-01,1.050713006407022476e-02,4.806043207645416260e-02,-1.626480221748352051e-01,-6.316010653972625732e-02,-4.179784096777439117e-03,3.399229794740676880e-02,-3.529028594493865967e-02,-3.647362589836120605e-01
3.568145036697387695e-01,2.772793173789978027e-01,-4.282521009445190430e-01,8.544776439666748047e-01,2.480450868606567383e-01,1.433032900094985962e-01,-1.911304658278822899e-03,2.506103515625000000e-01,-7.960128188133239746e-01,-5.723831653594970703e-01,3.988001123070716858e-02,1.618045195937156677e-02
-9.012421965599060059e-02,-2.044354751706123352e-02,4.047019779682159424e-01,5.565623044967651367e-01,-4.328964278101921082e-02,7.219343632459640503e-02,8.504841327667236328e-01,8.801282942295074463e-02,1.478346139192581177e-01,6.680652499198913574e-02,-2.643032930791378021e-02,-1.870265156030654907e-01
5.379964038729667664e-02,1.854708492755889893e-01,2.326976656913757324e-01,3.866710662841796875e-01,1.579885557293891907e-02,-2.217634022235870361e-01,7.602741569280624390e-02,1.587994210422039032e-02,1.947796940803527832e-01,2.758555859327316284e-02,9.385306388139724731e-02,1.027842890471220016e-02
1.444784551858901978e-01,1.019863039255142212e-02,-1.726457625627517700e-01,1.767663955688476562e-01,1.138547360897064209e-01,8.306451141834259033e-02,-7.637759298086166382e-02,2.038424015045166016e-01,-8.657143451273441315e-03,9.258197247982025146e-02,6.655114144086837769e-02,2.127569615840911865e-01
1.004997566342353821e-01,6.248687952756881714e-02,-2.394036576151847839e-02,5.832962319254875183e-02,1.532142460346221924e-01,7.194675505161285400e-02,1.069844886660575867e-01,-2.593780681490898132e-02,1.107880026102066040e-01,4.453892633318901062e-02,2.639894746243953705e-02,-2.300360053777694702e-02
3.695314824581146240e-01,1.279383059591054916e-02,3.866535797715187073e-02,1.855845451354980469e-01,-2.036159336566925049e-01,1.835009753704071045e-01,-1.669088751077651978e-01,-5.135920271277427673e-02,-8.127768337726593018e-02,-2.421286553144454956e-01,-1.649504750967025757e-01,-2.240637689828872681e-01
2.456110864877700806e-01,3.531440347433090210e-02,7.899370789527893066e-02,-4.311149418354034424e-01,-4.261887818574905396e-02,-5.787134915590286255e-02,-4.969556257128715515e-02,1.537656784057617188e-01,-3.969680368900299072e-01,-4.466075897216796875e-01,-5.633934587240219116e-02,1.006444022059440613e-01
-3.669980913400650024e-03,-2.084120064973831177e-01,6.339538097381591797e-02,1.118342503905296326e-01,-1.078661084175109863e-01,-9.677147865295410156e-02,-1.445118784904479980e-01,2.165273725986480713e-01,1.385055929422378540e-01,-4.757870733737945557e-02,-5.728782154619693756e-03,3.237842023372650146e-01
2.670286297798156738e-01,4.962200298905372620e-02,-2.140654921531677246e-01,3.012740286067128181e-03,1.176406741142272949e-01,-3.693387806415557861e-01,1.224674358963966370e-01,-2.460924349725246429e-02,-3.305844590067863464e-02,2.007106542587280273e-01,5.542819271795451641e-04,-2.139807445928454399e-03
3.775645792484283447e-01,-1.680301427841186523e-01,2.135525643825531006e-01,-8.480677008628845215e-01,1.909588836133480072e-02,1.044139117002487183e-01,3.702768981456756592e-01,1.651812940835952759e-01,-2.022173404693603516e-01,-1.178027391433715820e+00,8.590715378522872925e-02,-9.118040651082992554e-02
-1.316686421632766724e-01,1.036823019385337830e-01,4.457920193672180176e-01,-1.922093331813812256e-01,1.310734450817108154e-01,5.798894539475440979e-02,1.179132759571075439e-01,-4.901101440191268921e-02,-9.985085576772689819e-02,2.748346924781799316e-01,-4.097091779112815857e-02,-1.235261857509613037e-01
6.312993764877319336e-01,-1.196648925542831421e-01,1.014413759112358093e-01,6.169992685317993164e-01,2.210958302021026611e-01,1.899247616529464722e-01,-5.870408415794372559e-01,-3.437629714608192444e-02,1.501404643058776855e-01,9.024550765752792358e-02,5.998105555772781372e-02,1.599219590425491333e-01
4.562645256519317627e-01,-1.614375710487365723e-01,9.204191714525222778e-02,1.324265003204345703e-01,-6.962095946073532104e-02,2.828093171119689941e-01,2.370153516530990601e-01,-2.849782584235072136e-03,1.928149610757827759e-01,1.824760288000106812e-01,-6.550783663988113403e-02,-5.041415095329284668e-01
-7.363551110029220581e-02,-2.902499958872795105e-02,6.973094344139099121e-01,-3.876726329326629639e-01,-9.222503751516342163e-02,-1.531476825475692749e-01,6.074730306863784790e-02,1.075119450688362122e-01,-1.779853254556655884e-01,1.088636592030525208e-01,1.029535681009292603e-01,-2.760704457759857178e-01
-3.437920510768890381e-01,-1.435452792793512344e-02,1.340818703174591064e-01,7.333328723907470703e-01,2.813435904681682587e-02,1.808983087539672852e-01,-4.309873580932617188e-01,2.586330659687519073e-02,2.574327290058135986e-01,-2.016176134347915649e-01,-6.025113910436630249e-02,1.639404594898223877e-01
7.972966879606246948e-02,-1.148778013885021210e-02,-3.205771446228027344e-01,-6.909053772687911987e-02,-2.267819643020629883e-02,-7.848665863275527954e-02,2.346540689468383789e-01,4.987337067723274231e-02,-1.356039196252822876e-01,2.048818022012710571e-01,-4.131804779171943665e-02,-1.876201033592224121e-01
-5.439707264304161072e-02,-2.067990414798259735e-02,3.153197467327117920e-02,4.542624950408935547e-01,3.770802170038223267e-02,-1.140399649739265442e-01,8.929095417261123657e-02,4.302474856376647949e-02,-9.145230054855346680e-02,-1.410375628620386124e-02,3.552277013659477234e-02,-1.312049198895692825e-02
-1.593986004590988159e-01,-5.297369789332151413e-03,-5.618229880928993225e-02,1.451161801815032959e-01,-5.394502356648445129e-02,-5.680800229310989380e-02,1.672138869762420654e-01,6.787830591201782227e-02,-4.003237187862396240e-01,-2.189640998840332031e-01,1.755847930908203125e-01,-4.398013055324554443e-01
-3.423299193382263184e-01,-3.794604539871215820e-02,2.607682719826698303e-02,1.733847893774509430e-02,1.283270958811044693e-02,3.871452435851097107e-02,-3.366108536720275879e-01,3.871567547321319580e-02,-1.600077748298645020e-01,-2.901079058647155762e-01,-6.625293195247650146e-02,-2.716206610202789307e-01
4.484733045101165771e-01,-1.266694962978363037e-01,-1.301451772451400757e-02,5.366224646568298340e-01,-6.697236001491546631e-02,-1.453951448202133179e-01,-1.528221964836120605e-01,9.219314157962799072e-02,9.013376384973526001e-02,-2.261548787355422974e-01,-9.878422319889068604e-02,3.447347879409790039e-01
1.618257611989974976e-01,-9.684011340141296387e-02,-2.429528385400772095e-01,-1.398969739675521851e-01,-1.204456463456153870e-01,3.605860769748687744e-01,-1.246242150664329529e-01,-1.732247173786163330e-01,1.570603847503662109e-01,1.900790035724639893e-01,-1.092075482010841370e-01,1.631622947752475739e-02
-1.603713333606719971e-01,-1.254657167010009289e-03,-8.498834446072578430e-03,4.008300304412841797e-01,-1.516144722700119019e-01,-1.692299693822860718e-01,4.625855684280395508e-01,9.045200794935226440e-02,-2.049593329429626465e-01,-1.731205545365810394e-02,-9.561172127723693848e-02,6.297571957111358643e-02
1.056244876235723495e-02,-3.718387708067893982e-02,8.459156379103660583e-04,-4.290726780891418457e-01,1.654221210628747940e-03,2.566297724843025208e-02,7.660767436027526855e-01,-5.092223733663558960e-02,3.021735250949859619e-01,-1.030601486563682556e-01,3.565537929534912109e-02,-2.285167127847671509e-01
6.597480773925781250e-01,-8.077163249254226685e-02,-4.822978749871253967e-02,3.290664851665496826e-01,2.560343593358993530e-02,5.821971222758293152e-02,1.389433443546295166e-01,3.618824481964111328e-01,2.718709595501422882e-02,-2.044815421104431152e-01,5.718118697404861450e-02,2.786539494991302490e-02
1.868931651115417480e-01,-7.987169921398162842e-02,1.426121778786182404e-02,-1.387664582580327988e-02,-2.225743606686592102e-02,7.620593160390853882e-02,-1.464898437261581421e-01,1.637042500078678131e-02,1.578369736671447754e-02,1.501895785331726074e-01,7.873370498418807983e-02,-4.155284464359283447e-01
-4.615014195442199707e-01,-1.049813479185104370e-01,4.076477587223052979e-01,1.337719857692718506e-01,2.298309057950973511e-01,2.164092659950256348e-01,-3.008495867252349854e-01,8.997804671525955200e-02,3.319264352321624756e-01,-1.005745053291320801e+00,-3.053877353668212891e-01,-7.720445282757282257e-03
-2.019681483507156372e-01,-1.069980561733245850e-01,-2.202432751655578613e-01,-6.928781867027282715e-01,-2.047570049762725830e-01,3.469894453883171082e-02,-3.988159298896789551e-01,-1.023081243038177490e-01,7.676011323928833008e-02,-1.120621189475059509e-01,2.110530585050582886e-01,-2.142489552497863770e-01
2.466109693050384521e-01,2.481190413236618042e-01,4.265156984329223633e-01,1.769561022520065308e-01,-3.757234290242195129e-02,-1.427742540836334229e-01,-8.709552139043807983e-02,-3.887609019875526428e-02,2.988586127758026123e-01,2.091118246316909790e-01,1.872479617595672607e-01,3.443306386470794678e-01
4.610052406787872314e-01,-3.138804808259010315e-02,-3.825385570526123047e-01,-3.541166782379150391e-01,1.612273789942264557e-02,2.432819604873657227e-01,3.105188608169555664e-01,8.799759671092033386e-03,-1.281652599573135376e-01,-3.252418041229248047e-01,3.845673054456710815e-02,1.905950456857681274e-01
1.615196317434310913e-01,-1.123287230730056763e-01,-2.775158500298857689e-03,8.530668020248413086e-01,-4.394631832838058472e-02,-6.742598116397857666e-02,4.427061975002288818e-02,5.363057553768157959e-02,2.171558141708374023e-01,1.475424915552139282e-01,2.253604121506214142e-02,1.720545291900634766e-01
-2.486895173788070679e-01,-1.132780103944242001e-03,1.408796012401580811e-01,-6.846990436315536499e-02,7.863869518041610718e-02,1.535824686288833618e-01,-2.383430749177932739e-01,1.153286546468734741e-01,4.840250313282012939e-01,-2.380466759204864502e-01,-4.772571101784706116e-02,6.289090216159820557e-02
-5.012876391410827637e-01,3.253601491451263428e-02,-2.655078172683715820e-01,2.928074821829795837e-02,-8.828375488519668579e-02,1.834252774715423584e-01,-6.781505793333053589e-02,-3.162670135498046875e-02,1.018360480666160583e-01,8.251996636390686035e-01,-4.491337575018405914e-03,-3.980014100670814514e-02
8.102540858089923859e-03,-8.601391315460205078e-02,-8.852183073759078979e-02,4.044975340366363525e-02,3.930037096142768860e-02,1.124375909566879272e-01,-4.226375371217727661e-02,-2.639105319976806641e-01,-2.588661015033721924e-01,-9.980777651071548462e-02,-4.698564484715461731e-02,1.012464016675949097e-01
-5.462087988853454590e-01,-1.145277451723814011e-02,7.046878337860107422e-02,5.246904492378234863e-01,7.954722642898559570e-02,-6.620719283819198608e-02,1.717434972524642944e-01,-2.437121421098709106e-01,-1.959018222987651825e-02,-5.871178209781646729e-02,8.665351197123527527e-03,-1.262495964765548706e-01
-1.734335422515869141e-01,8.715897053480148315e-02,-1.151961907744407654e-01,-1.104197800159454346e-01,-5.724174156785011292e-02,-2.009587585926055908e-01,8.034756779670715332e-02,9.685453772544860840e-02,-1.883883215487003326e-02,-2.091876417398452759e-01,-1.105397716164588928e-01,1.169266458600759506e-02
2.207978665828704834e-01,1.626672297716140747e-01,-2.843562662601470947e-01,4.129194021224975586e-01,-8.198931813240051270e-02,2.341893911361694336e-01,-4.214435815811157227e-01,-8.909303694963455200e-02,-3.604141175746917725e-01,-3.800548017024993896e-01,9.891094639897346497e-03,-4.059959053993225098e-01
-6.867735385894775391e-01,-8.527859300374984741e-02,-8.248306810855865479e-02,-5.504936575889587402e-01,-2.759903483092784882e-02,2.359957545995712280e-01,3.671184182167053223e-01,-9.205045551061630249e-02,2.190618962049484253e-02,-2.772501707077026367e-01,-2.095112502574920654e-01,1.664025783538818359e-01
4.904004931449890137e-02,2.283251099288463593e-02,-4.215995222330093384e-02,-6.761534512042999268e-02,-1.447871699929237366e-02,-4.343148171901702881e-01,-3.963803872466087341e-02,-7.744907401502132416e-03,-5.216752644628286362e-03,6.752315163612365723e-02,-2.261214330792427063e-02,6.112509593367576599e-02
-4.168526530265808105e-01,2.728872001171112061e-01,-2.653855979442596436e-01,-5.206489562988281250e-01,-4.986879974603652954e-02,-1.994667202234268188e-01,-2.664955854415893555e-01,-2.708428911864757538e-02,-3.082830458879470825e-02,-1.024410724639892578e-01,-9.509095922112464905e-03,-1.027991995215415955e-01
5.982064604759216309e-01,5.918736755847930908e-02,-8.214007131755352020e-03,-7.065081596374511719e-02,-1.273763179779052734e-01,2.773894667625427246e-01,9.431382268667221069e-02,1.192575320601463318e-01,-2.297178283333778381e-02,4.400615692138671875e-01,-5.737001821398735046e-02,2.489985227584838867e-01
1.801087707281112671e-01,-2.739086449146270752e-01,1.956621408462524414e-01,1.338700801134109497e-01,-7.675910741090774536e-02,1.912712901830673218e-01,-3.487529605627059937e-02,-6.538128107786178589e-02,-9.087555110454559326e-02,5.176210403442382812e-01,-1.847674697637557983e-01,-1.418648511171340942e-01
-7.155704498291015625e-02,-1.635046601295471191e-01,6.573885679244995117e-02,8.431802690029144287e-02,9.574465453624725342e-03,-7.327816635370254517e-02,1.016221567988395691e-02,4.481997340917587280e-02,-2.000924944877624512e-01,-4.312766492366790771e-01,-4.064175486564636230e-02,-3.312906622886657715e-01
-5.565138161182403564e-02,3.914759308099746704e-02,1.142592504620552063e-01,4.113879203796386719e-01,1.877314969897270203e-02,-2.626057267189025879e-01,-5.460006594657897949e-01,1.114843711256980896e-01,-1.430065780878067017e-01,3.178251981735229492e-01,-1.032645776867866516e-01,1.850942969322204590e-01
-4.424619376659393311e-01,-6.484258919954299927e-02,1.768258810043334961e-01,3.370789289474487305e-01,-9.215141832828521729e-02,-1.581754088401794434e-01,1.003547944128513336e-02,7.454776018857955933e-02,-3.217791020870208740e-02,-3.487245738506317139e-01,1.068654283881187439e-01,1.029273122549057007e-01
-6.109288334846496582e-01,-2.264510281383991241e-02,-2.287791222333908081e-01,-1.430852264165878296e-01,-7.894075661897659302e-02,-1.496959105134010315e-02,-3.630151599645614624e-02,-2.276592850685119629e-01,3.268191218376159668e-02,2.597574889659881592e-01,4.982632026076316833e-02,1.046762615442276001e-01
4.160804152488708496e-01,7.576996833086013794e-02,-1.982881873846054077e-01,7.530387639999389648e-01,-4.062285646796226501e-02,1.110924035310745239e-01,-1.352484524250030518e-01,-5.189521238207817078e-02,8.222660422325134277e-02,-1.473274976015090942e-01,1.379784196615219116e-01,-8.970636129379272461e-02
1.115148067474365234e+00,3.040040470659732819e-02,1.891393214464187622e-01,2.884522378444671631e-01,6.271573901176452637e-02,-5.965567007660865784e-02,5.391789674758911133e-01,-1.535768508911132812e-01,-3.217132687568664551e-01,1.492071449756622314e-01,3.381222784519195557e-01,4.757599905133247375e-02
2.126464247703552246e-01,-4.992447793483734131e-02,1.641528010368347168e-01,1.709412783384323120e-01,-3.810584777966141701e-03,2.631198801100254059e-02,7.952144742012023926e-01,2.260477095842361450e-02,3.513530194759368896e-01,9.815530478954315186e-02,-9.068928658962249756e-02,-3.119606673717498779e-01
-6.773413419723510742e-01,3.697567433118820190e-02,-3.108969032764434814e-01,-8.546215295791625977e-02,7.534662634134292603e-02,5.311856269836425781e-01,-3.447896540164947510e-01,-7.557883858680725098e-02,-1.246931552886962891e-01,-1.924227923154830933e-01,5.978240072727203369e-02,-5.888991802930831909e-02
2.945824339985847473e-02,3.876438364386558533e-02,4.037474840879440308e-02,2.320419251918792725e-01,-1.231231633573770523e-02,1.876622810959815979e-02,7.690380513668060303e-02,-2.936161495745182037e-02,5.767745152115821838e-02,4.675622582435607910e-01,-4.705053940415382385e-02,1.733503788709640503e-01
4.654391855001449585e-02,1.149771660566329956e-01,-8.977797627449035645e-02,-2.655453085899353027e-01,-1.005330979824066162e-01,-1.535953134298324585e-01,-1.080156922340393066e+00,9.676910191774368286e-02,1.142104268074035645e-01,1.855528652667999268e-01,-6.657730787992477417e-02,-5.688478704541921616e-03
-2.061662077903747559e-01,1.306140720844268799e-01,-6.558284163475036621e-02,-2.850643545389175415e-02,5.425673723220825195e-02,-4.382754564285278320e-01,2.733323574066162109e-01,6.405681371688842773e-02,-5.738527774810791016e-01,5.091818422079086304e-02,4.782189056277275085e-02,-2.696765661239624023e-01
9.287324547767639160e-01,-9.933992475271224976e-02,2.916497178375720978e-02,3.207951411604881287e-02,3.299826011061668396e-02,-7.833229750394821167e-02,-3.956040441989898682e-01,8.145209401845932007e-02,-5.145369842648506165e-02,-1.966711506247520447e-02,5.808847397565841675e-02,2.912866417318582535e-03
-2.277350798249244690e-02,-8.298311382532119751e-02,-4.707334563136100769e-02,-3.705085813999176025e-01,8.955157361924648285e-03,2.261172682046890259e-01,1.749568879604339600e-01,-1.557522546499967575e-02,4.303506016731262207e-02,-4.122583866119384766e-01,-9.517293423414230347e-02,-1.117739975452423096e-01
3.428949117660522461e-01,-9.236900508403778076e-02,-6.968079507350921631e-02,-5.932371616363525391e-01,-9.639018774032592773e-02,5.079332739114761353e-02,3.536883294582366943e-01,1.644179224967956543e-01,-2.167389392852783203e-01,1.227650120854377747e-01,1.955059915781021118e-02,-1.590472832322120667e-02
-1.847404614090919495e-02,-1.846168935298919678e-01,2.233138233423233032e-01,9.083282947540283203e-01,3.398912772536277771e-02,3.997199237346649170e-01,1.737397164106369019e-01,-3.232968226075172424e-02,1.653860956430435181e-01,1.029731109738349915e-01,6.193441897630691528e-02,-1.457242518663406372e-01
2.115172445774078369e-01,-1.734377592802047729e-01,-1.171402558684349060e-01,-1.284947097301483154e-01,6.419789791107177734e-02,-8.989498764276504517e-02,1.057303398847579956e-01,-7.590651512145996094e-03,1.176761556416749954e-02,9.512880444526672363e-02,4.073282480239868164e-01,-2.877819538116455078e-01
5.494975671172142029e-02,1.001933366060256958e-01,7.227876037359237671e-02,-2.119452357292175293e-01,2.373624220490455627e-02,6.362271904945373535e-01,6.377870216965675354e-03,9.672836214303970337e-02,-6.652447581291198730e-02,3.161036968231201172e-01,1.031153798103332520e-01,-4.487574994564056396e-01
